"row","col","size","circularity","flags","present"
1,1,0,NA,"",0
1,2,0,NA,"",0
1,3,0,NA,"",0
1,4,0,NA,"",0
1,5,0,NA,"",0
1,6,0,NA,"",0
1,7,0,NA,"",0
1,8,0,NA,"",0
1,9,0,NA,"",0
1,10,0,NA,"",0
1,11,0,NA,"",0
1,12,0,NA,"",0
1,13,0,NA,"",0
1,14,0,NA,"",0
1,15,0,NA,"",0
1,16,0,NA,"",0
1,17,0,NA,"",0
1,18,0,NA,"",0
1,19,0,NA,"",0
1,20,0,NA,"",0
1,21,0,NA,"",0
1,22,0,NA,"",0
1,23,0,NA,"",0
1,24,0,NA,"",0
2,1,0,NA,"",0
2,2,0,NA,"",0
2,3,0,NA,"",0
2,4,0,NA,"",0
2,5,0,NA,"",0
2,6,0,NA,"",0
2,7,0,NA,"",0
2,8,0,NA,"",0
2,9,0,NA,"",0
2,10,0,NA,"",0
2,11,0,NA,"",0
2,12,0,NA,"",0
2,13,0,NA,"",0
2,14,0,NA,"",0
2,15,0,NA,"",0
2,16,0,NA,"",0
2,17,17,0.6987,"",1
2,18,0,NA,"",0
2,19,0,NA,"",0
2,20,0,NA,"",0
2,21,0,NA,"",0
2,22,0,NA,"",0
2,23,0,NA,"",0
2,24,0,NA,"",0
3,1,0,NA,"",0
3,2,0,NA,"",0
3,3,0,NA,"",0
3,4,0,NA,"",0
3,5,0,NA,"",0
3,6,2,25.1327,"",0
3,7,0,NA,"",0
3,8,0,NA,"",0
3,9,0,NA,"",0
3,10,0,NA,"",0
3,11,0,NA,"",0
3,12,3,3.2341,"",0
3,13,0,NA,"",0
3,14,0,NA,"",0
3,15,0,NA,"",0
3,16,0,NA,"",0
3,17,0,NA,"",0
3,18,0,NA,"",0
3,19,0,NA,"",0
3,20,0,NA,"",0
3,21,0,NA,"",0
3,22,0,NA,"",0
3,23,0,NA,"",0
3,24,0,NA,"",0
4,1,0,NA,"",0
4,2,0,NA,"",0
4,3,1,Inf,"",0
4,4,0,NA,"",0
4,5,0,NA,"",0
4,6,0,NA,"",0
4,7,0,NA,"",0
4,8,0,NA,"",0
4,9,0,NA,"",0
4,10,0,NA,"",0
4,11,0,NA,"",0
4,12,0,NA,"",0
4,13,0,NA,"",0
4,14,0,NA,"",0
4,15,0,NA,"",0
4,16,0,NA,"",0
4,17,0,NA,"",0
4,18,0,NA,"",0
4,19,0,NA,"",0
4,20,0,NA,"",0
4,21,0,NA,"",0
4,22,0,NA,"",0
4,23,0,NA,"",0
4,24,0,NA,"",0
5,1,0,NA,"",0
5,2,0,NA,"",0
5,3,0,NA,"",0
5,4,0,NA,"",0
5,5,0,NA,"",0
5,6,0,NA,"",0
5,7,0,NA,"",0
5,8,0,NA,"",0
5,9,0,NA,"",0
5,10,0,NA,"",0
5,11,0,NA,"",0
5,12,0,NA,"",0
5,13,0,NA,"",0
5,14,0,NA,"",0
5,15,0,NA,"",0
5,16,0,NA,"",0
5,17,0,NA,"",0
5,18,0,NA,"",0
5,19,0,NA,"",0
5,20,0,NA,"",0
5,21,0,NA,"",0
5,22,0,NA,"",0
5,23,0,NA,"",0
5,24,0,NA,"",0
6,1,0,NA,"",0
6,2,0,NA,"",0
6,3,0,NA,"",0
6,4,0,NA,"",0
6,5,0,NA,"",0
6,6,0,NA,"",0
6,7,0,NA,"",0
6,8,0,NA,"",0
6,9,0,NA,"",0
6,10,0,NA,"",0
6,11,1,Inf,"",0
6,12,0,NA,"",0
6,13,0,NA,"",0
6,14,0,NA,"",0
6,15,0,NA,"",0
6,16,0,NA,"",0
6,17,0,NA,"",0
6,18,0,NA,"",0
6,19,0,NA,"",0
6,20,0,NA,"",0
6,21,0,NA,"",0
6,22,0,NA,"",0
6,23,0,NA,"",0
6,24,0,NA,"",0
7,1,701,0.8752,"",1
7,2,627,0.9512,"",1
7,3,563,0.9397,"",1
7,4,557,0.9001,"",1
7,5,425,0.9202,"",1
7,6,474,0.9459,"",1
7,7,368,0.9848,"",1
7,8,564,0.9236,"",1
7,9,0,NA,"",0
7,10,0,NA,"",0
7,11,0,NA,"",0
7,12,629,0.9667,"",1
7,13,0,NA,"",0
7,14,0,NA,"",0
7,15,0,NA,"",0
7,16,0,NA,"",0
7,17,0,NA,"",0
7,18,0,NA,"",0
7,19,0,NA,"",0
7,20,0,NA,"",0
7,21,0,NA,"",0
7,22,0,NA,"",0
7,23,0,NA,"",0
7,24,0,NA,"",0
8,1,678,0.9229,"",1
8,2,572,0.9494,"",1
8,3,510,0.9224,"",1
8,4,542,0.9478,"",1
8,5,482,0.9151,"",1
8,6,453,0.904,"",1
8,7,531,0.9107,"",1
8,8,554,0.8625,"",1
8,9,0,NA,"",0
8,10,0,NA,"",0
8,11,0,NA,"",0
8,12,0,NA,"",0
8,13,0,NA,"",0
8,14,0,NA,"",0
8,15,0,NA,"",0
8,16,0,NA,"",0
8,17,0,NA,"",0
8,18,0,NA,"",0
8,19,0,NA,"",0
8,20,0,NA,"",0
8,21,0,NA,"",0
8,22,0,NA,"",0
8,23,0,NA,"",0
8,24,0,NA,"",0
9,1,0,NA,"",0
9,2,0,NA,"",0
9,3,0,NA,"",0
9,4,0,NA,"",0
9,5,0,NA,"",0
9,6,0,NA,"",0
9,7,0,NA,"",0
9,8,0,NA,"",0
9,9,0,NA,"",0
9,10,0,NA,"",0
9,11,0,NA,"",0
9,12,0,NA,"",0
9,13,0,NA,"",0
9,14,0,NA,"",0
9,15,0,NA,"",0
9,16,0,NA,"",0
9,17,0,NA,"",0
9,18,0,NA,"",0
9,19,0,NA,"",0
9,20,0,NA,"",0
9,21,0,NA,"",0
9,22,0,NA,"",0
9,23,0,NA,"",0
9,24,0,NA,"",0
10,1,0,NA,"",0
10,2,0,NA,"",0
10,3,0,NA,"",0
10,4,0,NA,"",0
10,5,0,NA,"",0
10,6,0,NA,"",0
10,7,0,NA,"",0
10,8,0,NA,"",0
10,9,0,NA,"",0
10,10,0,NA,"",0
10,11,0,NA,"",0
10,12,0,NA,"",0
10,13,0,NA,"",0
10,14,0,NA,"",0
10,15,0,NA,"",0
10,16,0,NA,"",0
10,17,0,NA,"",0
10,18,0,NA,"",0
10,19,0,NA,"",0
10,20,0,NA,"",0
10,21,0,NA,"",0
10,22,0,NA,"",0
10,23,0,NA,"",0
10,24,0,NA,"",0
11,1,0,NA,"",0
11,2,416,0.8682,"",1
11,3,259,0.9859,"",1
11,4,0,NA,"",0
11,5,320,0.9316,"",1
11,6,390,0.9108,"",1
11,7,0,NA,"",0
11,8,0,NA,"",0
11,9,0,NA,"",0
11,10,0,NA,"",0
11,11,0,NA,"",0
11,12,0,NA,"",0
11,13,4,1.078,"",0
11,14,0,NA,"",0
11,15,0,NA,"",0
11,16,0,NA,"",0
11,17,0,NA,"",0
11,18,0,NA,"",0
11,19,0,NA,"",0
11,20,0,NA,"",0
11,21,0,NA,"",0
11,22,0,NA,"",0
11,23,0,NA,"",0
11,24,0,NA,"",0
12,1,356,0.93,"",1
12,2,500,0.8815,"",1
12,3,0,NA,"",0
12,4,0,NA,"",0
12,5,0,NA,"",0
12,6,0,NA,"",0
12,7,0,NA,"",0
12,8,0,NA,"",0
12,9,0,NA,"",0
12,10,0,NA,"",0
12,11,0,NA,"",0
12,12,0,NA,"",0
12,13,0,NA,"",0
12,14,0,NA,"",0
12,15,0,NA,"",0
12,16,0,NA,"",0
12,17,0,NA,"",0
12,18,0,NA,"",0
12,19,0,NA,"",0
12,20,0,NA,"",0
12,21,0,NA,"",0
12,22,0,NA,"",0
12,23,1,Inf,"",0
12,24,0,NA,"",0
13,1,0,NA,"",0
13,2,0,NA,"",0
13,3,0,NA,"",0
13,4,0,NA,"",0
13,5,0,NA,"",0
13,6,0,NA,"",0
13,7,0,NA,"",0
13,8,0,NA,"",0
13,9,0,NA,"",0
13,10,0,NA,"",0
13,11,0,NA,"",0
13,12,0,NA,"",0
13,13,0,NA,"",0
13,14,0,NA,"",0
13,15,0,NA,"",0
13,16,0,NA,"",0
13,17,0,NA,"",0
13,18,0,NA,"",0
13,19,0,NA,"",0
13,20,0,NA,"",0
13,21,0,NA,"",0
13,22,0,NA,"",0
13,23,0,NA,"",0
13,24,0,NA,"",0
14,1,0,NA,"",0
14,2,0,NA,"",0
14,3,0,NA,"",0
14,4,0,NA,"",0
14,5,0,NA,"",0
14,6,0,NA,"",0
14,7,0,NA,"",0
14,8,0,NA,"",0
14,9,0,NA,"",0
14,10,0,NA,"",0
14,11,0,NA,"",0
14,12,0,NA,"",0
14,13,0,NA,"",0
14,14,0,NA,"",0
14,15,0,NA,"",0
14,16,0,NA,"",0
14,17,0,NA,"",0
14,18,0,NA,"",0
14,19,0,NA,"",0
14,20,0,NA,"",0
14,21,0,NA,"",0
14,22,0,NA,"",0
14,23,0,NA,"",0
14,24,0,NA,"",0
15,1,631,0.9037,"",1
15,2,496,0.9045,"",1
15,3,446,0.9366,"",1
15,4,475,0.8965,"",1
15,5,332,0.984,"",1
15,6,496,0.9045,"",1
15,7,390,0.9625,"",1
15,8,590,0.9019,"",1
15,9,0,NA,"",0
15,10,0,NA,"",0
15,11,420,0.9295,"",1
15,12,0,NA,"",0
15,13,0,NA,"",0
15,14,0,NA,"",0
15,15,0,NA,"",0
15,16,0,NA,"",0
15,17,0,NA,"",0
15,18,0,NA,"",0
15,19,0,NA,"",0
15,20,0,NA,"",0
15,21,0,NA,"",0
15,22,0,NA,"",0
15,23,0,NA,"",0
15,24,0,NA,"",0
16,1,603,0.9267,"",1
16,2,550,0.8957,"",1
16,3,420,0.8433,"",1
16,4,484,0.8703,"",1
16,5,452,0.8834,"",1
16,6,468,0.9203,"",1
16,7,4,1.078,"",0
16,8,105,0.907,"S",1
16,9,309,1.0009,"",1
16,10,0,NA,"",0
16,11,0,NA,"",0
16,12,0,NA,"",0
16,13,0,NA,"",0
16,14,0,NA,"",0
16,15,0,NA,"",0
16,16,0,NA,"",0
16,17,0,NA,"",0
16,18,0,NA,"",0
16,19,0,NA,"",0
16,20,0,NA,"",0
16,21,0,NA,"",0
16,22,0,NA,"",0
16,23,0,NA,"",0
16,24,0,NA,"",0
