"row","col","size","circularity","flags","present"
1,1,422,0.8998,"",1
1,2,406,0.9332,"",1
1,3,247,0.861,"",1
1,4,326,0.9324,"",1
1,5,275,0.8743,"",1
1,6,341,0.9445,"",1
1,7,233,0.8519,"",1
1,8,232,0.8511,"",1
1,9,295,0.9067,"",1
1,10,266,0.8781,"",1
1,11,0,NA,"",0
1,12,132,0.8983,"",1
1,13,0,NA,"",0
1,14,0,NA,"",0
1,15,0,NA,"",0
1,16,0,NA,"",0
1,17,0,NA,"",0
1,18,0,NA,"",0
1,19,0,NA,"",0
1,20,0,NA,"",0
1,21,0,NA,"",0
1,22,1,Inf,"",0
1,23,0,NA,"",0
1,24,0,NA,"",0
2,1,394,0.9262,"",1
2,2,330,0.9048,"",1
2,3,269,0.9227,"",1
2,4,282,0.9135,"",1
2,5,259,0.9391,"",1
2,6,280,0.8606,"",1
2,7,251,0.9474,"",1
2,8,291,0.9012,"",1
2,9,212,0.9122,"",1
2,10,190,0.8542,"",1
2,11,189,1.0044,"",1
2,12,66,1.005,"",1
2,13,0,NA,"",0
2,14,0,NA,"",0
2,15,0,NA,"",0
2,16,0,NA,"",0
2,17,0,NA,"",0
2,18,0,NA,"",0
2,19,0,NA,"",0
2,20,0,NA,"",0
2,21,0,NA,"",0
2,22,2,25.1327,"",0
2,23,0,NA,"",0
2,24,1,Inf,"",0
3,1,350,0.9528,"",1
3,2,344,0.9205,"",1
3,3,233,0.9521,"",1
3,4,261,0.9655,"",1
3,5,236,0.8908,"",1
3,6,273,0.9012,"",1
3,7,226,0.8888,"",1
3,8,260,0.9698,"",1
3,9,208,0.9742,"",1
3,10,264,0.9494,"",1
3,11,0,NA,"",0
3,12,310,0.9188,"",1
3,13,0,NA,"",0
3,14,0,NA,"",0
3,15,0,NA,"",0
3,16,0,NA,"",0
3,17,0,NA,"",0
3,18,0,NA,"",0
3,19,0,NA,"",0
3,20,0,NA,"",0
3,21,0,NA,"",0
3,22,0,NA,"",0
3,23,0,NA,"",0
3,24,0,NA,"",0
4,1,405,0.8963,"",1
4,2,321,0.9688,"",1
4,3,287,0.8727,"",1
4,4,299,0.8957,"",1
4,5,261,0.9278,"",1
4,6,277,0.9578,"",1
4,7,257,0.9136,"",1
4,8,293,0.9144,"",1
4,9,258,0.9278,"",1
4,10,257,0.8887,"",1
4,11,306,0.8476,"",1
4,12,369,0.902,"",1
4,13,0,NA,"",0
4,14,369,0.9107,"",1
4,15,0,NA,"",0
4,16,0,NA,"",0
4,17,0,NA,"",0
4,18,0,NA,"",0
4,19,0,NA,"",0
4,20,0,NA,"",0
4,21,0,NA,"",0
4,22,0,NA,"",0
4,23,0,NA,"",0
4,24,0,NA,"",0
5,1,392,0.9836,"",1
5,2,355,0.9664,"",1
5,3,238,0.9523,"",1
5,4,246,0.8847,"",1
5,5,223,0.8923,"",1
5,6,243,0.925,"",1
5,7,187,0.8407,"",1
5,8,289,0.8951,"",1
5,9,135,0.971,"",1
5,10,253,0.9631,"",1
5,11,143,0.8791,"",1
5,12,147,1.0166,"",1
5,13,0,NA,"",0
5,14,0,NA,"",0
5,15,0,NA,"",0
5,16,0,NA,"",0
5,17,0,NA,"",0
5,18,0,NA,"",0
5,19,0,NA,"",0
5,20,0,NA,"",0
5,21,0,NA,"",0
5,22,0,NA,"",0
5,23,1,Inf,"",0
5,24,0,NA,"",0
6,1,474,0.96,"",1
6,2,417,0.9228,"",1
6,3,346,0.9487,"",1
6,4,336,0.8991,"",1
6,5,310,0.9025,"",1
6,6,359,0.9159,"",1
6,7,293,0.8777,"",1
6,8,379,0.5341,"C",1
6,9,190,0.9535,"",1
6,10,295,0.9738,"",1
6,11,213,1.0109,"",1
6,12,136,1.0479,"",1
6,13,1,Inf,"",0
6,14,0,NA,"",0
6,15,2,25.1327,"",0
6,16,0,NA,"",0
6,17,1,Inf,"",0
6,18,0,NA,"",0
6,19,2,25.1327,"",0
6,20,1,Inf,"",0
6,21,0,NA,"",0
6,22,0,NA,"",0
6,23,0,NA,"",0
6,24,0,NA,"",0
7,1,0,NA,"",0
7,2,0,NA,"",0
7,3,0,NA,"",0
7,4,0,NA,"",0
7,5,0,NA,"",0
7,6,0,NA,"",0
7,7,0,NA,"",0
7,8,0,NA,"",0
7,9,0,NA,"",0
7,10,0,NA,"",0
7,11,0,NA,"",0
7,12,0,NA,"",0
7,13,0,NA,"",0
7,14,0,NA,"",0
7,15,0,NA,"",0
7,16,0,NA,"",0
7,17,0,NA,"",0
7,18,0,NA,"",0
7,19,2,25.1327,"",0
7,20,0,NA,"",0
7,21,0,NA,"",0
7,22,0,NA,"",0
7,23,0,NA,"",0
7,24,0,NA,"",0
8,1,0,NA,"",0
8,2,1,Inf,"",0
8,3,0,NA,"",0
8,4,0,NA,"",0
8,5,0,NA,"",0
8,6,0,NA,"",0
8,7,0,NA,"",0
8,8,0,NA,"",0
8,9,0,NA,"",0
8,10,0,NA,"",0
8,11,0,NA,"",0
8,12,0,NA,"",0
8,13,0,NA,"",0
8,14,0,NA,"",0
8,15,0,NA,"",0
8,16,0,NA,"",0
8,17,0,NA,"",0
8,18,0,NA,"",0
8,19,0,NA,"",0
8,20,5,0.7355,"",0
8,21,1,Inf,"",0
8,22,0,NA,"",0
8,23,0,NA,"",0
8,24,0,NA,"",0
9,1,475,0.968,"",1
9,2,454,0.9195,"",1
9,3,355,0.9664,"",1
9,4,369,0.9805,"",1
9,5,339,0.9625,"",1
9,6,370,0.9734,"",1
9,7,314,0.921,"",1
9,8,367,0.9752,"",1
9,9,292,0.9212,"",1
9,10,356,0.9145,"",1
9,11,299,0.9611,"",1
9,12,409,0.9489,"",1
9,13,177,0.9406,"",1
9,14,304,1.0035,"",1
9,15,0,NA,"",0
9,16,319,0.9057,"",1
9,17,0,NA,"",0
9,18,0,NA,"",0
9,19,0,NA,"",0
9,20,0,NA,"",0
9,21,0,NA,"",0
9,22,0,NA,"",0
9,23,290,0.8752,"",1
9,24,0,NA,"",0
10,1,540,0.952,"",1
10,2,474,0.96,"",1
10,3,409,0.9551,"",1
10,4,432,0.9413,"",1
10,5,377,0.9618,"",1
10,6,402,0.9827,"",1
10,7,386,0.9619,"",1
10,8,403,0.9785,"",1
10,9,358,0.9133,"",1
10,10,381,0.9251,"",1
10,11,350,0.8638,"",1
10,12,416,0.895,"",1
10,13,213,0.9883,"",1
10,14,368,0.8996,"",1
10,15,0,NA,"",0
10,16,0,NA,"",0
10,17,265,0.9803,"",1
10,18,0,NA,"",0
10,19,0,NA,"",0
10,20,0,NA,"",0
10,21,0,NA,"",0
10,22,0,NA,"",0
10,23,0,NA,"",0
10,24,3,3.2341,"",0
11,1,0,NA,"",0
11,2,248,0.8033,"",1
11,3,0,NA,"",0
11,4,0,NA,"",0
11,5,0,NA,"",0
11,6,200,1.0036,"",1
11,7,0,NA,"",0
11,8,0,NA,"",0
11,9,0,NA,"",0
11,10,0,NA,"",0
11,11,0,NA,"",0
11,12,0,NA,"",0
11,13,0,NA,"",0
11,14,2,25.1327,"",0
11,15,0,NA,"",0
11,16,0,NA,"",0
11,17,0,NA,"",0
11,18,0,NA,"",0
11,19,0,NA,"",0
11,20,0,NA,"",0
11,21,0,NA,"",0
11,22,0,NA,"",0
11,23,0,NA,"",0
11,24,0,NA,"",0
12,1,139,0.9354,"",1
12,2,417,0.8703,"",1
12,3,0,NA,"",0
12,4,291,0.9606,"",1
12,5,205,0.973,"",1
12,6,0,NA,"",0
12,7,0,NA,"",0
12,8,0,NA,"",0
12,9,0,NA,"",0
12,10,0,NA,"",0
12,11,0,NA,"",0
12,12,0,NA,"",0
12,13,0,NA,"",0
12,14,0,NA,"",0
12,15,0,NA,"",0
12,16,0,NA,"",0
12,17,0,NA,"",0
12,18,0,NA,"",0
12,19,0,NA,"",0
12,20,0,NA,"",0
12,21,0,NA,"",0
12,22,0,NA,"",0
12,23,0,NA,"",0
12,24,0,NA,"",0
13,1,0,NA,"",0
13,2,0,NA,"",0
13,3,0,NA,"",0
13,4,0,NA,"",0
13,5,0,NA,"",0
13,6,0,NA,"",0
13,7,0,NA,"",0
13,8,0,NA,"",0
13,9,0,NA,"",0
13,10,0,NA,"",0
13,11,0,NA,"",0
13,12,0,NA,"",0
13,13,0,NA,"",0
13,14,0,NA,"",0
13,15,0,NA,"",0
13,16,0,NA,"",0
13,17,0,NA,"",0
13,18,0,NA,"",0
13,19,0,NA,"",0
13,20,0,NA,"",0
13,21,0,NA,"",0
13,22,0,NA,"",0
13,23,0,NA,"",0
13,24,0,NA,"",0
14,1,0,NA,"",0
14,2,0,NA,"",0
14,3,0,NA,"",0
14,4,0,NA,"",0
14,5,0,NA,"",0
14,6,0,NA,"",0
14,7,0,NA,"",0
14,8,0,NA,"",0
14,9,0,NA,"",0
14,10,0,NA,"",0
14,11,0,NA,"",0
14,12,0,NA,"",0
14,13,0,NA,"",0
14,14,0,NA,"",0
14,15,0,NA,"",0
14,16,0,NA,"",0
14,17,0,NA,"",0
14,18,0,NA,"",0
14,19,0,NA,"",0
14,20,0,NA,"",0
14,21,0,NA,"",0
14,22,0,NA,"",0
14,23,0,NA,"",0
14,24,0,NA,"",0
15,1,446,0.951,"",1
15,2,383,0.9453,"",1
15,3,237,0.7974,"",1
15,4,334,0.858,"",1
15,5,0,NA,"",0
15,6,160,0.7844,"",1
15,7,235,0.9322,"",1
15,8,211,0.9079,"",1
15,9,0,NA,"",0
15,10,0,NA,"",0
15,11,0,NA,"",0
15,12,0,NA,"",0
15,13,0,NA,"",0
15,14,0,NA,"",0
15,15,0,NA,"",0
15,16,182,1.026,"",1
15,17,0,NA,"",0
15,18,0,NA,"",0
15,19,0,NA,"",0
15,20,0,NA,"",0
15,21,0,NA,"",0
15,22,0,NA,"",0
15,23,0,NA,"",0
15,24,0,NA,"",0
16,1,461,0.901,"",1
16,2,402,0.9476,"",1
16,3,302,0.8575,"",1
16,4,359,0.8946,"",1
16,5,283,0.8606,"",1
16,6,291,0.8625,"",1
16,7,219,0.9631,"",1
16,8,223,0.8665,"",1
16,9,0,NA,"",0
16,10,0,NA,"",0
16,11,0,NA,"",0
16,12,0,NA,"",0
16,13,0,NA,"",0
16,14,0,NA,"",0
16,15,0,NA,"",0
16,16,0,NA,"",0
16,17,0,NA,"",0
16,18,0,NA,"",0
16,19,0,NA,"",0
16,20,0,NA,"",0
16,21,0,NA,"",0
16,22,0,NA,"",0
16,23,0,NA,"",0
16,24,0,NA,"",0
