"row","col","size","circularity","flags","present"
1,1,376,0.9068,"",1
1,2,345,0.9868,"",1
1,3,297,0.9198,"",1
1,4,309,0.9748,"",1
1,5,260,0.9618,"",1
1,6,281,0.9032,"",1
1,7,260,0.9814,"",1
1,8,290,0.9758,"",1
1,9,246,0.91,"",1
1,10,282,0.815,"",1
1,11,253,0.9098,"",1
1,12,264,0.8329,"",1
1,13,164,1.0191,"",1
1,14,164,1.0191,"",1
1,15,0,NA,"",0
1,16,221,1.0027,"",1
1,17,255,0.9433,"",1
1,18,291,0.8944,"",1
1,19,0,NA,"",0
1,20,0,NA,"",0
1,21,0,NA,"",0
1,22,0,NA,"",0
1,23,0,NA,"",0
1,24,0,NA,"",0
2,1,357,0.9789,"",1
2,2,328,0.9085,"",1
2,3,286,0.9889,"",1
2,4,291,0.9426,"",1
2,5,265,0.9885,"",1
2,6,277,0.9767,"",1
2,7,253,0.9915,"",1
2,8,274,0.9399,"",1
2,9,235,0.8521,"",1
2,10,242,0.8533,"",1
2,11,203,0.8548,"",1
2,12,273,0.9113,"",1
2,13,142,0.9556,"",1
2,14,257,0.9319,"",1
2,15,229,0.7169,"",1
2,16,336,0.7388,"",1
2,17,187,1.0182,"",1
2,18,0,NA,"",0
2,19,0,NA,"",0
2,20,0,NA,"",0
2,21,0,NA,"",0
2,22,0,NA,"",0
2,23,0,NA,"",0
2,24,0,NA,"",0
3,1,305,0.988,"",1
3,2,282,0.9564,"",1
3,3,239,1.0064,"",1
3,4,220,0.9466,"",1
3,5,223,0.9807,"",1
3,6,218,0.918,"",1
3,7,203,0.9332,"",1
3,8,216,0.9499,"",1
3,9,183,0.8412,"",1
3,10,178,0.8811,"",1
3,11,102,0.9813,"",1
3,12,250,0.896,"",1
3,13,191,0.8945,"",1
3,14,198,0.9936,"",1
3,15,0,NA,"",0
3,16,163,1.002,"",1
3,17,200,1.0036,"",1
3,18,214,1.0157,"",1
3,19,0,NA,"",0
3,20,0,NA,"",0
3,21,0,NA,"",0
3,22,0,NA,"",0
3,23,0,NA,"",0
3,24,0,NA,"",0
4,1,335,0.9582,"",1
4,2,294,1.0166,"",1
4,3,263,0.9729,"",1
4,4,275,0.9971,"",1
4,5,234,1.0069,"",1
4,6,257,0.9986,"",1
4,7,223,0.9033,"",1
4,8,246,0.9758,"",1
4,9,227,0.9276,"",1
4,10,264,0.9494,"",1
4,11,186,0.7763,"",1
4,12,270,0.8362,"",1
4,13,227,0.8569,"",1
4,14,225,0.8565,"",1
4,15,0,NA,"",0
4,16,223,0.9807,"",1
4,17,0,NA,"",0
4,18,250,1.0003,"",1
4,19,241,1.0149,"",1
4,20,265,0.9803,"",1
4,21,0,NA,"",0
4,22,0,NA,"",0
4,23,2,25.1327,"",0
4,24,296,0.9167,"",1
5,1,341,0.9682,"",1
5,2,294,0.9275,"",1
5,3,235,0.9809,"",1
5,4,227,0.9893,"",1
5,5,217,0.879,"",1
5,6,220,0.9466,"",1
5,7,188,0.9434,"",1
5,8,201,0.963,"",1
5,9,122,0.8118,"",1
5,10,208,0.8013,"",1
5,11,163,0.7915,"",1
5,12,219,0.8509,"",1
5,13,174,0.9247,"",1
5,14,0,NA,"",0
5,15,0,NA,"",0
5,16,175,1.0115,"",1
5,17,0,NA,"",0
5,18,0,NA,"",0
5,19,0,NA,"",0
5,20,0,NA,"",0
5,21,0,NA,"",0
5,22,0,NA,"",0
5,23,0,NA,"",0
5,24,0,NA,"",0
6,1,363,0.9714,"",1
6,2,323,0.9748,"",1
6,3,247,0.9402,"",1
6,4,269,0.8714,"",1
6,5,250,0.8887,"",1
6,6,261,0.9464,"",1
6,7,220,0.9982,"",1
6,8,247,0.9214,"",1
6,9,219,0.8337,"",1
6,10,247,0.968,"",1
6,11,231,0.8899,"",1
6,12,213,0.9576,"",1
6,13,254,0.8783,"",1
6,14,270,0.8984,"",1
6,15,266,0.855,"",1
6,16,312,0.9346,"",1
6,17,204,1.0237,"",1
6,18,205,0.9015,"",1
6,19,256,1.0155,"",1
6,20,0,NA,"",0
6,21,0,NA,"",0
6,22,0,NA,"",0
6,23,0,NA,"",0
6,24,0,NA,"",0
7,1,272,0.9782,"",1
7,2,265,0.9803,"",1
7,3,207,1.0149,"",1
7,4,205,1.0051,"",1
7,5,170,0.9826,"",1
7,6,189,1.0044,"",1
7,7,159,0.8366,"",1
7,8,187,0.8875,"",1
7,9,156,0.9693,"",1
7,10,168,0.8631,"",1
7,11,60,0.8774,"",1
7,12,127,0.9785,"",1
7,13,0,NA,"",0
7,14,174,0.894,"",1
7,15,0,NA,"",0
7,16,0,NA,"",0
7,17,0,NA,"",0
7,18,0,NA,"",0
7,19,0,NA,"",0
7,20,0,NA,"",0
7,21,0,NA,"",0
7,22,0,NA,"",0
7,23,0,NA,"",0
7,24,0,NA,"",0
8,1,310,0.9356,"",1
8,2,287,0.9657,"",1
8,3,232,0.9683,"",1
8,4,251,0.9753,"",1
8,5,209,1.0247,"",1
8,6,231,0.9163,"",1
8,7,193,0.8757,"",1
8,8,207,0.9733,"",1
8,9,174,0.8732,"",1
8,10,189,0.8575,"",1
8,11,186,0.8828,"",1
8,12,215,0.8863,"",1
8,13,160,0.9485,"",1
8,14,208,0.9147,"",1
8,15,158,1.035,"",1
8,16,0,NA,"",0
8,17,0,NA,"",0
8,18,213,1.0443,"",1
8,19,0,NA,"",0
8,20,0,NA,"",0
8,21,0,NA,"",0
8,22,0,NA,"",0
8,23,0,NA,"",0
8,24,0,NA,"",0
9,1,344,0.9598,"",1
9,2,295,1.0005,"",1
9,3,227,0.9276,"",1
9,4,235,1.0112,"",1
9,5,214,0.9929,"",1
9,6,192,0.9635,"",1
9,7,199,0.9445,"",1
9,8,208,0.8682,"",1
9,9,160,0.9248,"",1
9,10,212,0.8927,"",1
9,11,129,0.9544,"",1
9,12,242,0.9135,"",1
9,13,96,0.9865,"",1
9,14,140,1.0358,"",1
9,15,0,NA,"",0
9,16,0,NA,"",0
9,17,208,1.0198,"",1
9,18,222,1.0073,"",1
9,19,0,NA,"",0
9,20,0,NA,"",0
9,21,0,NA,"",0
9,22,0,NA,"",0
9,23,0,NA,"",0
9,24,0,NA,"",0
10,1,340,0.9256,"",1
10,2,307,0.9868,"",1
10,3,256,1.0155,"",1
10,4,264,0.9572,"",1
10,5,229,1.0071,"",1
10,6,251,1.0043,"",1
10,7,221,1.0027,"",1
10,8,257,0.9986,"",1
10,9,206,0.9347,"",1
10,10,251,0.9957,"",1
10,11,198,0.8264,"",1
10,12,269,0.888,"",1
10,13,223,0.951,"",1
10,14,252,0.9137,"",1
10,15,307,0.9265,"",1
10,16,184,0.9778,"",1
10,17,194,0.9295,"",1
10,18,239,0.9286,"",1
10,19,263,0.9536,"",1
10,20,0,NA,"",0
10,21,0,NA,"",0
10,22,0,NA,"",0
10,23,0,NA,"",0
10,24,0,NA,"",0
11,1,300,0.9054,"",1
11,2,266,1.0126,"",1
11,3,192,1.0454,"",1
11,4,207,1.0149,"",1
11,5,190,0.9315,"",1
11,6,206,0.8977,"",1
11,7,190,1.0097,"",1
11,8,198,0.9397,"",1
11,9,188,0.8119,"",1
11,10,176,0.8433,"",1
11,11,60,0.8631,"",1
11,12,184,0.8348,"",1
11,13,177,0.7957,"",1
11,14,170,0.935,"",1
11,15,134,0.9638,"",1
11,16,172,0.8924,"",1
11,17,207,0.8907,"",1
11,18,0,NA,"",0
11,19,0,NA,"",0
11,20,0,NA,"",0
11,21,7,0.8385,"",0
11,22,0,NA,"",0
11,23,0,NA,"",0
11,24,0,NA,"",0
12,1,322,0.9973,"",1
12,2,297,1.0073,"",1
12,3,238,0.9934,"",1
12,4,254,1.0076,"",1
12,5,228,1.0027,"",1
12,6,238,0.9934,"",1
12,7,229,0.9357,"",1
12,8,254,0.9396,"",1
12,9,197,0.9439,"",1
12,10,216,0.9096,"",1
12,11,179,0.8896,"",1
12,12,256,0.9282,"",1
12,13,166,1.0204,"",1
12,14,145,0.8687,"",1
12,15,163,0.9095,"",1
12,16,190,1.0097,"",1
12,17,0,NA,"",0
12,18,249,0.9479,"",1
12,19,0,NA,"",0
12,20,0,NA,"",0
12,21,0,NA,"",0
12,22,0,NA,"",0
12,23,0,NA,"",0
12,24,0,NA,"",0
13,1,311,0.9386,"",1
13,2,274,0.9293,"",1
13,3,218,0.9891,"",1
13,4,228,0.9123,"",1
13,5,199,0.9233,"",1
13,6,197,0.9566,"",1
13,7,139,0.877,"",1
13,8,196,0.9215,"",1
13,9,156,0.6569,"",1
13,10,83,0.9398,"S",1
13,11,88,1.0173,"",1
13,12,102,0.8699,"",1
13,13,160,1.0206,"",1
13,14,0,NA,"",0
13,15,202,0.9587,"",1
13,16,0,NA,"",0
13,17,0,NA,"",0
13,18,0,NA,"",0
13,19,0,NA,"",0
13,20,0,NA,"",0
13,21,0,NA,"",0
13,22,0,NA,"",0
13,23,0,NA,"",0
13,24,0,NA,"",0
14,1,352,0.8688,"",1
14,2,305,0.9803,"",1
14,3,246,0.9758,"",1
14,4,263,0.9729,"",1
14,5,223,0.9391,"",1
14,6,247,0.9402,"",1
14,7,199,0.8486,"",1
14,8,223,0.9112,"",1
14,9,169,0.9527,"",1
14,10,245,0.8811,"",1
14,11,167,0.811,"",1
14,12,123,1.0178,"",1
14,13,168,0.924,"",1
14,14,180,1.0404,"",1
14,15,0,NA,"",0
14,16,133,1.0248,"",1
14,17,0,NA,"",0
14,18,0,NA,"",0
14,19,0,NA,"",0
14,20,0,NA,"",0
14,21,0,NA,"",0
14,22,0,NA,"",0
14,23,0,NA,"",0
14,24,0,NA,"",0
15,1,348,0.9313,"",1
15,2,317,0.9396,"",1
15,3,265,0.942,"",1
15,4,270,0.9988,"",1
15,5,255,0.9246,"",1
15,6,248,0.9174,"",1
15,7,229,1.0071,"",1
15,8,253,0.9282,"",1
15,9,225,0.9391,"",1
15,10,236,0.9092,"",1
15,11,236,0.8321,"",1
15,12,141,1.0432,"",1
15,13,0,NA,"",0
15,14,235,0.8946,"",1
15,15,187,0.9384,"",1
15,16,0,NA,"",0
15,17,0,NA,"",0
15,18,2,25.1327,"",0
15,19,0,NA,"",0
15,20,0,NA,"",0
15,21,0,NA,"",0
15,22,0,NA,"",0
15,23,0,NA,"",0
15,24,0,NA,"",0
16,1,409,0.9401,"",1
16,2,387,0.9777,"",1
16,3,336,0.954,"",1
16,4,337,0.9811,"",1
16,5,303,0.8821,"",1
16,6,314,0.9008,"",1
16,7,277,0.9578,"",1
16,8,323,0.9574,"",1
16,9,287,0.8985,"",1
16,10,315,0.8944,"",1
16,11,264,0.8329,"",1
16,12,341,0.8821,"",1
16,13,201,0.9326,"",1
16,14,296,0.9167,"",1
16,15,201,0.9326,"",1
16,16,0,NA,"",0
16,17,0,NA,"",0
16,18,238,1.0149,"",1
16,19,236,0.9362,"",1
16,20,0,NA,"",0
16,21,0,NA,"",0
16,22,0,NA,"",0
16,23,0,NA,"",0
16,24,0,NA,"",0
