"row","col","size","circularity","flags","present"
1,1,256,0.9947,"",1
1,2,71,0.982,"",1
1,3,99,0.8661,"S",1
1,4,241,0.9174,"",1
1,5,0,NA,"",0
1,6,169,1.0125,"",1
1,7,0,NA,"",0
1,8,0,NA,"",0
1,9,0,NA,"",0
1,10,0,NA,"",0
1,11,0,NA,"",0
1,12,0,NA,"",0
1,13,0,NA,"",0
1,14,0,NA,"",0
1,15,0,NA,"",0
1,16,0,NA,"",0
1,17,0,NA,"",0
1,18,0,NA,"",0
1,19,0,NA,"",0
1,20,0,NA,"",0
1,21,0,NA,"",0
1,22,0,NA,"",0
1,23,0,NA,"",0
1,24,0,NA,"",0
2,1,287,0.8662,"",1
2,2,274,0.8061,"",1
2,3,158,0.9132,"",1
2,4,150,0.6454,"S",1
2,5,0,NA,"",0
2,6,161,0.8556,"",1
2,7,0,NA,"",0
2,8,0,NA,"",0
2,9,0,NA,"",0
2,10,0,NA,"",0
2,11,0,NA,"",0
2,12,0,NA,"",0
2,13,0,NA,"",0
2,14,0,NA,"",0
2,15,0,NA,"",0
2,16,0,NA,"",0
2,17,0,NA,"",0
2,18,0,NA,"",0
2,19,0,NA,"",0
2,20,0,NA,"",0
2,21,0,NA,"",0
2,22,0,NA,"",0
2,23,0,NA,"",0
2,24,0,NA,"",0
3,1,355,0.8346,"",1
3,2,327,0.8902,"",1
3,3,300,0.9291,"",1
3,4,291,0.9531,"",1
3,5,254,0.9669,"",1
3,6,266,0.9272,"",1
3,7,234,0.917,"",1
3,8,260,0.8357,"",1
3,9,216,0.7704,"",1
3,10,227,0.8397,"",1
3,11,0,NA,"",0
3,12,92,0.9453,"",1
3,13,100,1.078,"",1
3,14,56,1.0032,"",1
3,15,0,NA,"",0
3,16,129,0.8139,"",1
3,17,0,NA,"",0
3,18,0,NA,"",0
3,19,0,NA,"",0
3,20,0,NA,"",0
3,21,0,NA,"",0
3,22,0,NA,"",0
3,23,0,NA,"",0
3,24,0,NA,"",0
4,1,374,0.9839,"",1
4,2,337,0.8866,"",1
4,3,282,0.9943,"",1
4,4,296,0.9238,"",1
4,5,271,0.5441,"C",1
4,6,280,0.907,"",1
4,7,237,0.96,"",1
4,8,258,0.793,"",1
4,9,185,0.907,"",1
4,10,192,0.9113,"",1
4,11,144,0.8035,"",1
4,12,277,0.8514,"",1
4,13,112,0.9851,"",1
4,14,101,0.9587,"",1
4,15,0,NA,"",0
4,16,0,NA,"",0
4,17,0,NA,"",0
4,18,0,NA,"",0
4,19,0,NA,"",0
4,20,0,NA,"",0
4,21,0,NA,"",0
4,22,0,NA,"",0
4,23,0,NA,"",0
4,24,0,NA,"",0
5,1,295,0.9379,"",1
5,2,273,0.9705,"",1
5,3,191,0.8666,"",1
5,4,194,0.9001,"",1
5,5,174,0.7652,"",1
5,6,181,0.8477,"S",1
5,7,137,0.6298,"",1
5,8,233,0.9131,"",1
5,9,87,0.8531,"",1
5,10,182,0.8004,"S",1
5,11,0,NA,"",0
5,12,126,1.0426,"",1
5,13,0,NA,"",0
5,14,0,NA,"",0
5,15,0,NA,"",0
5,16,71,1.0811,"",1
5,17,0,NA,"",0
5,18,0,NA,"",0
5,19,0,NA,"",0
5,20,0,NA,"",0
5,21,0,NA,"",0
5,22,0,NA,"",0
5,23,0,NA,"",0
5,24,0,NA,"",0
6,1,313,0.9277,"",1
6,2,273,0.9626,"",1
6,3,214,0.9411,"",1
6,4,222,0.9266,"",1
6,5,201,0.8142,"",1
6,6,232,0.948,"",1
6,7,162,0.9603,"",1
6,8,184,0.8935,"",1
6,9,204,0.8699,"",1
6,10,140,1.0358,"",1
6,11,242,0.8368,"",1
6,12,234,0.8251,"",1
6,13,0,NA,"",0
6,14,141,1.0556,"",1
6,15,0,NA,"",0
6,16,0,NA,"",0
6,17,0,NA,"",0
6,18,0,NA,"",0
6,19,0,NA,"",0
6,20,0,NA,"",0
6,21,0,NA,"",0
6,22,0,NA,"",0
6,23,0,NA,"",0
6,24,0,NA,"",0
7,1,389,0.9601,"",1
7,2,312,0.9663,"",1
7,3,251,0.8779,"",1
7,4,236,0.9643,"",1
7,5,205,0.8821,"",1
7,6,266,0.9124,"",1
7,7,110,0.7695,"",1
7,8,285,0.8923,"",1
7,9,259,0.7485,"",1
7,10,0,NA,"",0
7,11,0,NA,"",0
7,12,91,0.981,"S",1
7,13,0,NA,"",0
7,14,0,NA,"",0
7,15,0,NA,"",0
7,16,0,NA,"",0
7,17,0,NA,"",0
7,18,0,NA,"",0
7,19,0,NA,"",0
7,20,0,NA,"",0
7,21,0,NA,"",0
7,22,0,NA,"",0
7,23,0,NA,"",0
7,24,0,NA,"",0
8,1,388,0.9802,"",1
8,2,311,0.9812,"",1
8,3,250,0.9714,"",1
8,4,281,0.9908,"",1
8,5,265,0.9344,"",1
8,6,275,0.918,"",1
8,7,188,0.9434,"",1
8,8,280,0.8152,"",1
8,9,297,0.8372,"",1
8,10,104,1.0687,"",1
8,11,334,0.7627,"",1
8,12,226,0.9235,"",1
8,13,231,0.9439,"",1
8,14,202,0.8883,"",1
8,15,0,NA,"",0
8,16,0,NA,"",0
8,17,0,NA,"",0
8,18,0,NA,"",0
8,19,0,NA,"",0
8,20,0,NA,"",0
8,21,0,NA,"",0
8,22,0,NA,"",0
8,23,0,NA,"",0
8,24,0,NA,"",0
9,1,381,0.956,"",1
9,2,318,0.9426,"",1
9,3,253,0.9174,"",1
9,4,244,0.9763,"",1
9,5,243,0.8568,"",1
9,6,257,0.9783,"",1
9,7,154,0.8682,"",1
9,8,281,0.9032,"",1
9,9,82,1.0348,"S",1
9,10,191,0.7577,"S",1
9,11,0,NA,"",0
9,12,236,0.9443,"",1
9,13,0,NA,"",0
9,14,0,NA,"",0
9,15,0,NA,"",0
9,16,0,NA,"",0
9,17,0,NA,"",0
9,18,0,NA,"",0
9,19,0,NA,"",0
9,20,0,NA,"",0
9,21,0,NA,"",0
9,22,0,NA,"",0
9,23,0,NA,"",0
9,24,0,NA,"",0
10,1,400,0.9194,"",1
10,2,331,0.9235,"",1
10,3,266,0.9198,"",1
10,4,286,0.981,"",1
10,5,231,0.8975,"",1
10,6,273,0.8707,"",1
10,7,269,0.9051,"",1
10,8,323,0.9104,"",1
10,9,305,0.8597,"",1
10,10,345,0.9076,"",1
10,11,172,0.9696,"",1
10,12,395,0.8607,"",1
10,13,0,NA,"",0
10,14,0,NA,"",0
10,15,0,NA,"",0
10,16,0,NA,"",0
10,17,0,NA,"",0
10,18,0,NA,"",0
10,19,0,NA,"",0
10,20,0,NA,"",0
10,21,0,NA,"",0
10,22,0,NA,"",0
10,23,0,NA,"",0
10,24,0,NA,"",0
11,1,278,0.8936,"",1
11,2,230,0.9808,"",1
11,3,184,0.8618,"",1
11,4,149,0.7305,"",1
11,5,141,0.6397,"",1
11,6,81,0.9852,"",1
11,7,136,0.7405,"",1
11,8,13,1.2022,"",0
11,9,0,NA,"",0
11,10,63,0.8714,"",1
11,11,0,NA,"",0
11,12,0,NA,"",0
11,13,0,NA,"",0
11,14,0,NA,"",0
11,15,0,NA,"",0
11,16,0,NA,"",0
11,17,224,1.0163,"",1
11,18,0,NA,"",0
11,19,0,NA,"",0
11,20,0,NA,"",0
11,21,0,NA,"",0
11,22,0,NA,"",0
11,23,0,NA,"",0
11,24,0,NA,"",0
12,1,268,0.9914,"",1
12,2,225,0.9895,"",1
12,3,172,0.8837,"",1
12,4,206,0.9142,"",1
12,5,161,0.8079,"",1
12,6,193,0.823,"",1
12,7,137,0.7039,"",1
12,8,172,0.7804,"",1
12,9,0,NA,"",0
12,10,116,1.0665,"",1
12,11,0,NA,"",0
12,12,0,NA,"",0
12,13,199,0.9986,"",1
12,14,0,NA,"",0
12,15,0,NA,"",0
12,16,0,NA,"",0
12,17,216,0.9294,"",1
12,18,0,NA,"",0
12,19,0,NA,"",0
12,20,0,NA,"",0
12,21,0,NA,"",0
12,22,0,NA,"",0
12,23,0,NA,"",0
12,24,0,NA,"",0
13,1,406,0.9067,"",1
13,2,341,0.9928,"",1
13,3,267,0.9232,"",1
13,4,296,0.9771,"",1
13,5,264,0.8329,"",1
13,6,272,0.8811,"",1
13,7,223,0.9033,"",1
13,8,343,0.9024,"",1
13,9,295,0.8171,"",1
13,10,193,1.0014,"",1
13,11,341,0.8615,"",1
13,12,0,NA,"",0
13,13,223,1.0118,"",1
13,14,0,NA,"",0
13,15,280,0.9243,"",1
13,16,0,NA,"",0
13,17,0,NA,"",0
13,18,0,NA,"",0
13,19,0,NA,"",0
13,20,0,NA,"",0
13,21,0,NA,"",0
13,22,0,NA,"",0
13,23,0,NA,"",0
13,24,0,NA,"",0
14,1,410,0.9575,"",1
14,2,331,1.0065,"",1
14,3,277,0.9847,"",1
14,4,291,0.9682,"",1
14,5,264,0.9494,"",1
14,6,291,0.9682,"",1
14,7,281,0.9276,"",1
14,8,286,0.8791,"",1
14,9,196,0.901,"",1
14,10,311,0.9287,"",1
14,11,0,NA,"",0
14,12,0,NA,"",0
14,13,0,NA,"",0
14,14,244,0.997,"",1
14,15,0,NA,"",0
14,16,0,NA,"",0
14,17,0,NA,"",0
14,18,0,NA,"",0
14,19,0,NA,"",0
14,20,0,NA,"",0
14,21,0,NA,"",0
14,22,0,NA,"",0
14,23,0,NA,"",0
14,24,0,NA,"",0
15,1,414,0.9306,"",1
15,2,344,0.9365,"",1
15,3,240,0.9136,"",1
15,4,275,0.9078,"",1
15,5,260,0.9814,"",1
15,6,292,0.9212,"",1
15,7,242,0.8208,"",1
15,8,262,0.8816,"",1
15,9,247,0.878,"",1
15,10,277,0.8065,"",1
15,11,89,1.0288,"",1
15,12,342,0.8725,"",1
15,13,224,0.8886,"",1
15,14,197,0.935,"",1
15,15,0,NA,"",0
15,16,282,0.9309,"",1
15,17,0,NA,"",0
15,18,0,NA,"",0
15,19,0,NA,"",0
15,20,0,NA,"",0
15,21,0,NA,"",0
15,22,0,NA,"",0
15,23,0,NA,"",0
15,24,0,NA,"",0
16,1,486,0.9172,"",1
16,2,444,0.9324,"",1
16,3,364,0.9741,"",1
16,4,375,0.9474,"",1
16,5,343,0.9986,"",1
16,6,362,0.8934,"",1
16,7,323,0.9404,"",1
16,8,326,0.8875,"",1
16,9,294,0.894,"",1
16,10,367,0.8851,"",1
16,11,305,0.8244,"",1
16,12,273,0.9259,"",1
16,13,196,1.0416,"",1
16,14,304,0.8632,"",1
16,15,179,1.0346,"",1
16,16,270,0.971,"",1
16,17,0,NA,"",0
16,18,0,NA,"",0
16,19,0,NA,"",0
16,20,0,NA,"",0
16,21,0,NA,"",0
16,22,0,NA,"",0
16,23,0,NA,"",0
16,24,0,NA,"",0
