"row","col","size","circularity","flags","present"
1,1,507,0.8938,"",1
1,2,505,0.8903,"",1
1,3,406,0.9481,"",1
1,4,352,0.942,"",1
1,5,405,0.9458,"",1
1,6,352,0.7621,"",1
1,7,381,0.8957,"",1
1,8,364,0.9509,"",1
1,9,184,0.9547,"",1
1,10,236,0.917,"",1
1,11,0,NA,"",0
1,12,0,NA,"",0
1,13,132,0.8291,"S",1
1,14,0,NA,"",0
1,15,85,0.8565,"S",1
1,16,281,0.9989,"",1
1,17,0,NA,"",0
1,18,0,NA,"",0
1,19,0,NA,"",0
1,20,0,NA,"",0
1,21,0,NA,"",0
1,22,0,NA,"",0
1,23,0,NA,"",0
1,24,0,NA,"",0
2,1,544,0.9152,"",1
2,2,479,0.9642,"",1
2,3,351,0.9106,"",1
2,4,379,0.9141,"",1
2,5,335,0.8752,"",1
2,6,390,0.8575,"",1
2,7,341,0.9217,"",1
2,8,323,0.9238,"",1
2,9,306,0.8909,"",1
2,10,402,0.8264,"",1
2,11,160,1.0481,"",1
2,12,0,NA,"",0
2,13,0,NA,"",0
2,14,0,NA,"",0
2,15,0,NA,"",0
2,16,0,NA,"",0
2,17,0,NA,"",0
2,18,0,NA,"",0
2,19,0,NA,"",0
2,20,0,NA,"",0
2,21,0,NA,"",0
2,22,0,NA,"",0
2,23,0,NA,"",0
2,24,0,NA,"",0
3,1,0,NA,"",0
3,2,0,NA,"",0
3,3,0,NA,"",0
3,4,0,NA,"",0
3,5,0,NA,"",0
3,6,0,NA,"",0
3,7,0,NA,"",0
3,8,0,NA,"",0
3,9,0,NA,"",0
3,10,0,NA,"",0
3,11,0,NA,"",0
3,12,0,NA,"",0
3,13,0,NA,"",0
3,14,0,NA,"",0
3,15,0,NA,"",0
3,16,0,NA,"",0
3,17,0,NA,"",0
3,18,0,NA,"",0
3,19,0,NA,"",0
3,20,0,NA,"",0
3,21,0,NA,"",0
3,22,0,NA,"",0
3,23,0,NA,"",0
3,24,0,NA,"",0
4,1,0,NA,"",0
4,2,0,NA,"",0
4,3,0,NA,"",0
4,4,0,NA,"",0
4,5,7,1.0297,"",0
4,6,0,NA,"",0
4,7,0,NA,"",0
4,8,0,NA,"",0
4,9,0,NA,"",0
4,10,0,NA,"",0
4,11,0,NA,"",0
4,12,0,NA,"",0
4,13,0,NA,"",0
4,14,0,NA,"",0
4,15,0,NA,"",0
4,16,0,NA,"",0
4,17,0,NA,"",0
4,18,0,NA,"",0
4,19,0,NA,"",0
4,20,0,NA,"",0
4,21,0,NA,"",0
4,22,0,NA,"",0
4,23,0,NA,"",0
4,24,0,NA,"",0
5,1,563,0.9472,"",1
5,2,497,0.9714,"",1
5,3,430,0.8974,"",1
5,4,373,0.8852,"",1
5,5,419,0.985,"",1
5,6,372,0.9623,"",1
5,7,375,0.9345,"",1
5,8,418,0.9108,"",1
5,9,383,0.8043,"",1
5,10,328,0.9479,"",1
5,11,179,1.0091,"",1
5,12,278,0.9429,"",1
5,13,0,NA,"",0
5,14,279,0.9038,"",1
5,15,0,NA,"",0
5,16,0,NA,"",0
5,17,0,NA,"",0
5,18,0,NA,"",0
5,19,321,0.9942,"",1
5,20,0,NA,"",0
5,21,0,NA,"",0
5,22,0,NA,"",0
5,23,0,NA,"",0
5,24,0,NA,"",0
6,1,572,0.9623,"",1
6,2,524,0.9556,"",1
6,3,453,0.9454,"",1
6,4,498,0.9593,"",1
6,5,463,0.9239,"",1
6,6,488,0.9679,"",1
6,7,409,0.9339,"",1
6,8,448,0.921,"",1
6,9,352,0.8747,"",1
6,10,437,0.8796,"",1
6,11,372,0.8887,"",1
6,12,476,0.9169,"",1
6,13,269,0.9951,"",1
6,14,413,0.9283,"",1
6,15,0,NA,"",0
6,16,0,NA,"",0
6,17,0,NA,"",0
6,18,0,NA,"",0
6,19,0,NA,"",0
6,20,0,NA,"",0
6,21,0,NA,"",0
6,22,0,NA,"",0
6,23,0,NA,"",0
6,24,0,NA,"",0
7,1,190,0.9227,"",1
7,2,134,0.9638,"",1
7,3,30,0.8984,"S",1
7,4,0,NA,"",0
7,5,0,NA,"",0
7,6,0,NA,"",0
7,7,0,NA,"",0
7,8,0,NA,"",0
7,9,0,NA,"",0
7,10,0,NA,"",0
7,11,0,NA,"",0
7,12,0,NA,"",0
7,13,0,NA,"",0
7,14,0,NA,"",0
7,15,0,NA,"",0
7,16,0,NA,"",0
7,17,0,NA,"",0
7,18,0,NA,"",0
7,19,0,NA,"",0
7,20,0,NA,"",0
7,21,0,NA,"",0
7,22,0,NA,"",0
7,23,0,NA,"",0
7,24,0,NA,"",0
8,1,348,0.7154,"",1
8,2,401,0.8874,"",1
8,3,111,0.9763,"",1
8,4,0,NA,"",0
8,5,0,NA,"",0
8,6,0,NA,"",0
8,7,0,NA,"",0
8,8,0,NA,"",0
8,9,0,NA,"",0
8,10,0,NA,"",0
8,11,0,NA,"",0
8,12,0,NA,"",0
8,13,0,NA,"",0
8,14,0,NA,"",0
8,15,0,NA,"",0
8,16,0,NA,"",0
8,17,0,NA,"",0
8,18,0,NA,"",0
8,19,0,NA,"",0
8,20,0,NA,"",0
8,21,0,NA,"",0
8,22,0,NA,"",0
8,23,0,NA,"",0
8,24,0,NA,"",0
9,1,0,NA,"",0
9,2,0,NA,"",0
9,3,0,NA,"",0
9,4,0,NA,"",0
9,5,0,NA,"",0
9,6,0,NA,"",0
9,7,0,NA,"",0
9,8,0,NA,"",0
9,9,0,NA,"",0
9,10,0,NA,"",0
9,11,0,NA,"",0
9,12,0,NA,"",0
9,13,0,NA,"",0
9,14,0,NA,"",0
9,15,0,NA,"",0
9,16,0,NA,"",0
9,17,0,NA,"",0
9,18,0,NA,"",0
9,19,0,NA,"",0
9,20,0,NA,"",0
9,21,1,Inf,"",0
9,22,0,NA,"",0
9,23,0,NA,"",0
9,24,0,NA,"",0
10,1,0,NA,"",0
10,2,0,NA,"",0
10,3,0,NA,"",0
10,4,0,NA,"",0
10,5,0,NA,"",0
10,6,0,NA,"",0
10,7,0,NA,"",0
10,8,0,NA,"",0
10,9,0,NA,"",0
10,10,0,NA,"",0
10,11,0,NA,"",0
10,12,0,NA,"",0
10,13,0,NA,"",0
10,14,0,NA,"",0
10,15,0,NA,"",0
10,16,0,NA,"",0
10,17,0,NA,"",0
10,18,0,NA,"",0
10,19,0,NA,"",0
10,20,0,NA,"",0
10,21,0,NA,"",0
10,22,0,NA,"",0
10,23,0,NA,"",0
10,24,0,NA,"",0
11,1,0,NA,"",0
11,2,0,NA,"",0
11,3,0,NA,"",0
11,4,0,NA,"",0
11,5,0,NA,"",0
11,6,0,NA,"",0
11,7,0,NA,"",0
11,8,0,NA,"",0
11,9,0,NA,"",0
11,10,0,NA,"",0
11,11,0,NA,"",0
11,12,0,NA,"",0
11,13,0,NA,"",0
11,14,0,NA,"",0
11,15,0,NA,"",0
11,16,0,NA,"",0
11,17,0,NA,"",0
11,18,0,NA,"",0
11,19,0,NA,"",0
11,20,0,NA,"",0
11,21,0,NA,"",0
11,22,2,25.1327,"",0
11,23,0,NA,"",0
11,24,0,NA,"",0
12,1,0,NA,"",0
12,2,0,NA,"",0
12,3,0,NA,"",0
12,4,0,NA,"",0
12,5,0,NA,"",0
12,6,0,NA,"",0
12,7,0,NA,"",0
12,8,0,NA,"",0
12,9,0,NA,"",0
12,10,0,NA,"",0
12,11,0,NA,"",0
12,12,0,NA,"",0
12,13,0,NA,"",0
12,14,0,NA,"",0
12,15,0,NA,"",0
12,16,0,NA,"",0
12,17,0,NA,"",0
12,18,0,NA,"",0
12,19,0,NA,"",0
12,20,0,NA,"",0
12,21,0,NA,"",0
12,22,0,NA,"",0
12,23,0,NA,"",0
12,24,0,NA,"",0
13,1,0,NA,"",0
13,2,0,NA,"",0
13,3,0,NA,"",0
13,4,0,NA,"",0
13,5,0,NA,"",0
13,6,0,NA,"",0
13,7,0,NA,"",0
13,8,0,NA,"",0
13,9,0,NA,"",0
13,10,0,NA,"",0
13,11,0,NA,"",0
13,12,0,NA,"",0
13,13,0,NA,"",0
13,14,0,NA,"",0
13,15,0,NA,"",0
13,16,0,NA,"",0
13,17,1,Inf,"",0
13,18,0,NA,"",0
13,19,0,NA,"",0
13,20,0,NA,"",0
13,21,0,NA,"",0
13,22,0,NA,"",0
13,23,0,NA,"",0
13,24,0,NA,"",0
14,1,0,NA,"",0
14,2,0,NA,"",0
14,3,0,NA,"",0
14,4,0,NA,"",0
14,5,0,NA,"",0
14,6,0,NA,"",0
14,7,0,NA,"",0
14,8,1,Inf,"",0
14,9,0,NA,"",0
14,10,0,NA,"",0
14,11,0,NA,"",0
14,12,0,NA,"",0
14,13,0,NA,"",0
14,14,0,NA,"",0
14,15,0,NA,"",0
14,16,0,NA,"",0
14,17,0,NA,"",0
14,18,5,0.7355,"",0
14,19,0,NA,"",0
14,20,0,NA,"",0
14,21,0,NA,"",0
14,22,0,NA,"",0
14,23,0,NA,"",0
14,24,0,NA,"",0
15,1,0,NA,"",0
15,2,0,NA,"",0
15,3,0,NA,"",0
15,4,0,NA,"",0
15,5,0,NA,"",0
15,6,0,NA,"",0
15,7,0,NA,"",0
15,8,0,NA,"",0
15,9,0,NA,"",0
15,10,0,NA,"",0
15,11,0,NA,"",0
15,12,0,NA,"",0
15,13,0,NA,"",0
15,14,0,NA,"",0
15,15,0,NA,"",0
15,16,0,NA,"",0
15,17,0,NA,"",0
15,18,0,NA,"",0
15,19,0,NA,"",0
15,20,0,NA,"",0
15,21,0,NA,"",0
15,22,0,NA,"",0
15,23,0,NA,"",0
15,24,0,NA,"",0
16,1,0,NA,"",0
16,2,0,NA,"",0
16,3,0,NA,"",0
16,4,0,NA,"",0
16,5,0,NA,"",0
16,6,0,NA,"",0
16,7,0,NA,"",0
16,8,0,NA,"",0
16,9,0,NA,"",0
16,10,0,NA,"",0
16,11,0,NA,"",0
16,12,0,NA,"",0
16,13,0,NA,"",0
16,14,0,NA,"",0
16,15,0,NA,"",0
16,16,0,NA,"",0
16,17,0,NA,"",0
16,18,0,NA,"",0
16,19,0,NA,"",0
16,20,0,NA,"",0
16,21,0,NA,"",0
16,22,0,NA,"",0
16,23,0,NA,"",0
16,24,0,NA,"",0
